3920
100
80
78 472
79 86
24 239
80 755
33 997
22 850
45 203
21 460
96 176
81 921
66 95
32 921
39 673
94 29
71 394
88 689
19 264
20 940
48 990
93 949
63 379
23 314
57 887
13 96
97 316
67 531
53 566
5 199
42 631
6 958
0 868
30 426
60 604
65 926
72 645
26 844
75 206
90 777
1 844
61 786
83 669
10 559
85 827
74 104
56 242
27 885
64 622
34 1
4 275
91 298
9 543
87 102
29 233
28 617
8 165
25 319
49 819
99 798
36 360
50 943
7 968
44 69
59 202
70 688
86 176
92 663
95 515
51 941
38 862
47 135
37 631
68 509
16 341
2 652
76 715
46 32
3 454
77 415
84 513
82 697
100
1 94 27
2 72 437
1 30 55
0 27 89
2 58 513
0 75 94
1 6 39
2 13 444
1 45 78
0 93 16
0 58 65
1 63 84
0 77 30
1 65 40
0 44 3
2 89 685
0 61 19
1 94 52
1 26 33
1 27 11
0 67 80
2 36 196
1 56 30
2 95 453
1 99 71
0 70 44
0 77 38
1 59 49
1 50 51
0 92 0
0 99 38
2 51 318
0 46 6
2 74 217
2 58 524
0 47 62
1 65 21
0 57 72
1 13 22
0 15 97
2 23 307
0 80 95
0 49 51
0 96 24
1 13 84
1 95 83
2 16 223
1 65 64
0 4 84
2 80 931
1 74 62
1 97 26
2 97 212
0 15 57
1 92 94
1 17 35
0 52 42
2 10 901
2 10 760
2 0 995
0 49 83
2 40 874
0 34 65
1 0 8
0 1 38
1 82 53
0 39 16
1 35 26
0 36 26
0 22 88
1 88 68
1 17 15
1 1 45
0 3 3
0 62 43
2 76 335
1 77 75
0 84 61
2 46 394
2 19 831
1 11 14
1 10 42
0 85 2
1 23 71
2 3 772
0 90 45
2 46 396
2 73 769
2 63 232
2 97 526
1 47 42
2 72 863
0 94 50
0 4 35
1 9 94
0 67 68
0 61 54
1 10 50
0 61 29
1 82 0
