4390
100
50
37 880
62 516
99 301
31 220
23 855
6 681
32 716
53 713
27 257
24 78
18 411
63 384
94 46
75 903
17 917
80 999
34 922
44 182
7 543
49 474
76 161
58 183
90 479
36 87
86 574
68 860
72 988
28 303
4 574
15 938
82 200
41 119
5 797
51 930
70 363
1 562
40 986
35 493
56 513
2 419
20 145
11 530
33 352
48 914
77 24
16 508
3 973
69 252
12 687
89 989
100
1 45 2
1 76 99
2 5 541
0 24 6
0 85 6
1 17 72
1 14 56
2 72 907
1 26 84
0 72 9
1 77 26
0 17 30
0 25 79
0 37 2
0 23 3
1 26 89
1 65 78
0 13 10
0 65 39
2 90 547
0 94 85
1 72 99
1 73 9
2 60 875
2 50 497
2 74 190
0 66 36
1 9 97
2 1 684
1 39 39
1 72 86
2 12 759
0 53 4
2 92 861
1 48 21
0 92 63
1 78 33
0 40 64
2 54 304
2 83 547
2 42 582
1 48 49
2 66 234
1 69 50
2 1 255
1 61 56
2 77 13
0 25 2
0 12 1
2 17 714
0 79 95
2 58 742
1 81 63
1 46 27
2 16 589
1 61 60
2 45 19
2 7 15
2 57 476
0 6 26
0 68 89
1 53 30
0 71 79
2 61 322
1 28 92
2 91 586
0 67 95
1 93 9
2 17 381
2 74 207
1 34 87
0 92 3
2 28 418
0 85 23
2 75 141
2 20 635
2 0 935
0 76 20
2 68 649
2 20 999
1 30 66
1 37 70
1 38 70
2 0 261
1 73 73
1 52 90
2 82 615
0 3 55
0 47 28
0 97 5
2 83 36
2 78 34
2 32 270
0 69 10
1 22 46
1 95 59
0 78 89
2 12 256
2 15 154
1 42 96
